5
5	4	6	2	7	3	9	1	8
8	7	1	9	4	6	5	3	2
2	3	9	8	5	1	6	7	4
9	1	8	6	3	5	4	2	7
6	5	4	1	2	7	8	9	3
3	2	7	4	9	8	1	6	5
1	6	3	5	8	2	7	4	9
7	9	5	3	6	4	2	8	1
4	8	2	7	1	9	3	5	0
5	4	6	2	7	3	9	1	8
8	7	1	9	4	6	5	3	2
2	3	9	8	5	1	6	7	4
9	1	8	6	3	5	4	2	7
6	5	4	1	2	7	8	9	3
3	2	7	4	9	8	1	6	5
1	6	3	5	8	2	7	4	9
7	9	5	3	6	4	2	8	1
4	8	2	7	1	9	3	0	0
5	4	6	2	7	3	9	1	8
8	7	1	9	4	6	5	3	2
2	3	9	8	5	1	6	7	4
9	1	8	6	3	5	4	2	7
6	5	4	1	2	7	8	9	3
3	2	7	4	9	8	1	6	5
1	6	3	5	8	2	0	0	0
7	9	5	3	6	4	0	0	0
4	8	2	7	1	9	0	0	0
4	6	0 	0 	0 	3	0 	7	2
5	0 	3	0 	0 	0 	4	0 	6
0 	9	0 	0 	0 	8	0 	1	0
0 	5	4	0 	0 	1	9	2	0
0 	0 	0 	0 	3	0 	0 	0 	0
8	0 	0 	7	0 	0 	0 	0 	1
0 	1	0 	3	0 	0 	0 	6	0
3	0 	5	0 	0 	0 	1	0 	4
6	4	0 	1	0 	0 	0 	3	9
0 	2	8	0 	0 	0 	5	3   0
0 	7	0 	0 	6	5	0 	1   0
1	0 	0 	0 	8	0 	0 	0 	6
0 	5	0 	0 	0 	6   0   0   0
0 	1	3	0 	5	0 	8	6   0
0 	0 	0 	3	0 	0 	0 	9   0
4	0 	0 	0 	9	0 	0 	0 	7
0 	9	0 	4	3	0 	0 	8   0
0 	6	2	0 	0 	0 	9	4   0

